0.90344446
0.90509567
0.90423773
0.90480466
Round 5
0.90243348
0.90467532
0.90366218
0.90374409
Round 6
0.90242054
0.90466885
0.90366002
0.90374194
Round 5
Round 6
Round 7
Round 5
0.90242270
0.90466454
0.90365571
0.90372900
Round 6
0.90261886
0.90448563
0.90430671
0.90374840
Round 7
0.90308016
0.90522931
0.90505902
0.90501375
Round 8
0.90286676
0.90597516
0.90521638
0.90616270
Round 9
0.90309525
0.90674903
0.90548368
0.90735907
Round 10
0.90171781
0.90691501
0.90493292
0.90754014
Round 1
0.86326374
0.86338768
0.86341247
0.86350732
Round 1
0.86326589
0.86339092
Round 1
0.86342541
0.86355690
0.86358277
0.86374875
Round 2
0.89221154
0.89217705
0.89219860
0.89215333
Round 3
0.89866330
0.89870641
0.89875168
0.89877970
Round 4
0.90213600
0.90220498
0.90236450
0.90223301
Round 5
0.90431749
0.90444467
0.90446407
0.90441880
Round 6
0.90484777
0.90499220
0.90509351
0.90492968
Round 7
0.90410839
0.90414935
0.90408253
0.90412133
Round 8
0.90376996
0.90380230
0.90379367
0.90377427
Round 9
0.90362985
0.90378721
0.90372900
0.90366649
Round 10
0.90385619
0.90410408
0.90407390
0.90397906
